http://epos-ip.org/WP16/Rockphysics/Apparatus,"EPOS WP16 Rock Physics Apparatus"
